Dynamics Check for SC[5]

Nb:  1   Ng:  0
Mass:  1.000000
cm:  0.000000 0.000000 0.000000
I  :  2.000000  -0.000000  0.000000 
     -0.000000  3.000000  0.000000 
      0.000000 0.000000  1.200000
PosR:  -10.000001 14.999999 8.660254
VelR:  0.001573 0.000786 0.000454

Dyn Structure
-------------
Nu:  6   Nx:  7  Nf:  0
u[00]: 0.008647
u[01]: 0.000113
u[02]: -0.002698
u[03]: 0.000000
u[04]: 0.000000
u[05]: 0.000000

x[00]: 0.945060
x[01]: 0.141457
x[02]: -0.220916
x[03]: 0.195060
x[04]: 0.000000
x[05]: 0.000000
x[06]: 0.000000



Body Structure [00]
-------------------
Mass:  1.000000
cm:  0.000000 0.000000 0.000000
c:   0.000000 0.000000 0.000000
I:  2.000000 -0.000000 -0.000000
     -0.000000 3.000000 -0.000000
   -0.000000 -0.000000 1.200000
wn:  0.008647 0.000113 -0.002698
qn:  0.945060 0.141457 -0.220916 0.195060
vn:  0.000000 0.000000 0.000000
pn:  0.000000 0.000000 0.000000

CN:
0.862372 0.181186 -0.472742
0.353553 -0.883883 0.306186
-0.362372 -0.431186 -0.826296
Nf: 0   f0: 0
Mf:

Kf:

Cf:

Pf:




Hf:





