Dynamics Check for SC[4]

Nb:  1   Ng:  0
Mass:  200.000000
cm:  0.000000 0.000000 0.000000
I  :  100.000000  -0.000000  -0.000000 
     -0.000000  200.000000  -0.000000 
      -0.000000 -0.000000  300.000000
PosR:  0.000000 0.000000 0.000000
VelR:  0.000000 0.000000 0.000000

Dyn Structure
-------------
Nu:  6   Nx:  7  Nf:  0
u[00]: 0.000000
u[01]: -0.000015
u[02]: -0.000000
u[03]: 0.000000
u[04]: 0.000000
u[05]: 0.000000

x[00]: 0.290765
x[01]: 0.738150
x[02]: 0.223112
x[03]: -0.566402
x[04]: 0.000000
x[05]: 0.000000
x[06]: 0.000000



Body Structure [00]
-------------------
Mass:  200.000000
cm:  0.000000 0.000000 0.000000
c:   0.000000 0.000000 0.000000
I:  100.000000 -0.000000 -0.000000
     -0.000000 200.000000 -0.000000
   -0.000000 -0.000000 300.000000
wn:  0.000000 -0.000015 -0.000000
qn:  0.290765 0.738150 0.223112 -0.566402
vn:  0.000000 0.000000 0.000000
pn:  0.000000 0.000000 0.000000

CN:
-0.189288 0.176514 0.965926
0.681998 0.731354 0.000000
-0.706433 0.658760 -0.258819
Nf: 0   f0: 0
Mf:

Kf:

Cf:

Pf:




Hf:





